600606,5
002285,6
000861,7
000526,5
000056,7
600895,8
600736,9
600663,7
600658,6
600648,7
600639,7
600604,6
600463,6
600215,6
600133,7
600082,9
600064,7
600007,6
000628,6
601588,11
600890,10
600807,7
600773,9
600745,6
600743,6
600733,6
600732,7
600724,7
600716,12
600696,6
600683,7
600675,6
600641,7
600638,9
600615,6
600568,6
600533,6
600503,8
600376,10
600340,7
600325,9
600322,8
600266,7
600246,8
600239,9
600225,9
600223,6
600185,9
600159,12
600113,8
600095,7
600094,10
600053,8
600052,8
002305,12
002244,8
002208,8
002077,6
002016,6
000981,7
000979,8
000965,8
000931,9
000926,8
000897,6
000863,7
000838,7
000809,10
000732,7
000718,10
000691,8
000671,7
000668,6
000656,8
000631,7
000620,8
000609,8
000608,7
000573,7
000567,11
000558,9
000540,10
000537,6
000534,9
000517,9
000514,7
000506,9
000502,8
000038,9
000029,9
000011,6
000006,8
000005,7
600862,6
600823,6
600791,8
600767,7
600748,7
600684,8
600665,8
600657,8
600621,6
600565,9
600510,8
600393,6
600383,8
600240,5
600208,9
600175,6
600173,9
600162,6
600077,7
600067,9
600048,8
002146,9
002133,8
000918,7
000797,7
000736,7
000667,9
000616,11
000505,6
000402,12
000046,13
000043,7
000042,6
000040,8
000036,9
000031,7
000024,6
000014,8
000009,7
000002,7
603828,4
603030,3
601886,6
600681,7
300117,7
002713,7
002620,8
002482,9
002375,9
002325,8
002247,7
002163,8
002081,7
002047,8
603018,5
603017,4
601800,10
601789,8
601669,17
601668,13
601618,19
601390,16
601186,8
601117,7
600986,10
600970,8
600853,7
600820,6
600545,6
600528,8
600512,8
600502,7
600491,7
600326,6
600284,7
600248,7
600170,7
600068,19
600039,6
300284,6
002738,3
002717,7
002663,8
002659,7
002628,8
002586,6
002542,12
002469,7
002431,7
002398,7
002310,7
002307,8
002178,8
002140,8
002135,8
002116,8
002062,7
002060,6
002051,6
000961,9
000928,8
000498,7
000090,7
000065,9
000023,5
000010,7
601880,9
601018,10
601008,9
601000,13
600717,7
600317,8
600279,8
600190,9
600018,10
600017,10
002040,8
000905,8
000582,7
000507,7
000088,6
000022,7
600897,7
600009,7
600004,7
000089,9
601518,7
601188,6
601107,10
600548,10
600377,8
600368,7
600350,12
600269,8
600106,9
600035,8
600033,8
600020,14
600012,8
000916,12
000900,7
000886,7
000828,8
000548,8
000429,10
600561,9
002682,7
002627,6
002357,6
000996,6
601111,18
601021,5
600221,12
600115,9
600029,10
000099,6
603167,8
601919,8
601872,9
601866,9
600896,6
600798,9
600751,7
600692,7
600575,8
600428,7
600242,7
600026,9
000520,8
002320,8
601333,12
601006,9
600125,9
000594,11
603699,5
603698,3
603338,2
603308,7
603169,4
603088,7
603012,2
601608,7
601226,5
600860,8
600855,9
600526,7
600499,6
600475,9
600435,6
600388,8
300425,3
300415,4
300411,4
300402,6
300400,6
300385,5
300382,5
300368,7
300358,6
300334,8
300316,7
300309,6
300293,7
300281,7
300280,7
300278,10
300276,6
300272,8
300263,7
300249,6
300210,7
300202,7
300201,6
300193,7
300152,7
300145,9
300116,9
300092,6
300090,7
300056,7
300024,5
300023,7
002691,6
002690,8
002686,7
002651,7
002645,8
002639,9
002630,7
002621,6
002613,8
002595,9
002534,7
002530,7
002529,6
002509,5
002499,6
002328,11
002255,8
002204,7
000925,9
000551,7
000404,6
601038,8
600218,8
300159,9
002532,8
002131,6
000570,8
600843,7
600610,5
600302,11
300384,5
300307,7
002722,5
002196,8
002021,9
000666,7
300195,7
300173,7
300126,7
002611,7
002444,10
002282,7
002209,8
000821,7
000039,7
601798,7
600579,6
600346,8
300228,6
002698,7
002564,8
002490,7
002430,8
002353,6
002337,6
002278,6
000852,7
601369,8
601218,7
601177,9
601002,8
600841,6
600765,7
600619,12
600592,8
600520,8
600421,10
600149,7
600114,6
300435,3
300421,2
300420,4
300391,5
300266,6
300260,6
300257,10
300151,6
300095,6
300091,7
002747,1
002633,7
002598,6
002591,7
002553,6
002552,7
002537,6
002514,5
002480,7
002472,7
002445,11
002438,7
002435,10
002418,7
002413,6
002347,9
002342,11
002272,6
002150,9
002147,9
002122,10
002101,7
002050,8
002046,10
002026,8
000903,7
000880,10
000856,7
000816,10
000777,5
000678,10
000617,8
000595,7
000530,7
000519,5
603011,4
600806,6
600243,8
300161,6
002559,7
002520,7
002270,6
002248,12
000837,6
000410,8
600749,6
600593,6
600555,7
600054,7
300144,6
002159,8
002059,7
002033,10
000978,9
000888,9
000430,8
000069,9
603869,0
603199,3
603099,5
601888,6
600706,8
600358,7
600138,7
300178,8
002707,4
002558,7
000802,8
000613,6
000610,7
601929,7
600831,7
600637,7
600088,9
600037,6
300426,4
300336,6
300291,7
300251,7
300133,5
300027,7
002739,3
002292,7
002238,8
002143,6
002071,6
000917,6
000835,8
000665,7
000156,6
601999,6
601928,9
601801,7
601098,7
600825,8
600757,6
600633,9
600551,8
600373,7
300364,3
300148,9
002181,9
000793,5
000719,7
000504,7
600753,6
600634,8
002441,8
000906,8
000889,10
000638,6
000587,7
600790,8
600415,10
002344,9
600122,11
300022,6
002556,6
000829,8
000026,11
603939,5
603368,4
601607,6
600998,10
600833,8
600713,9
600511,8
600056,8
002727,4
002589,9
002462,7
000963,7
000705,6
000591,6
000411,7
000028,8
600898,8
002416,7
002024,7
601933,8
601116,9
601010,8
600827,6
600361,10
002697,6
002336,7
002264,9
002251,9
000759,7
603123,6
600891,7
600865,6
600861,9
600859,9
600858,8
600857,8
600856,7
600838,9
600828,8
600824,7
600821,7
600814,6
600785,7
600778,10
600774,7
600738,7
600729,10
600723,10
600712,8
600697,7
600694,8
600693,9
600682,7
600655,10
600628,7
600515,7
600327,9
600306,8
600280,8
300413,5
002561,8
002419,10
002277,6
002187,6
000987,8
000882,10
000785,8
000715,7
000679,6
000564,6
000560,6
000516,8
000501,9
000419,6
000417,8
000416,6
600993,6
600976,8
600781,7
600771,8
600750,5
600671,7
600613,7
600594,6
600572,7
600566,9
600557,9
600535,8
600518,11
600479,6
600466,6
600436,8
600422,6
600351,6
600332,8
600329,6
600285,6
600252,7
600222,6
600211,5
600129,7
600085,8
600080,6
300181,8
300158,6
300049,8
300039,8
300026,8
300016,6
002750,2
002737,4
002728,4
002644,7
002603,10
002566,7
002433,7
002424,7
002412,6
002390,9
002349,7
002317,7
002287,8
002275,5
002219,8
002198,8
002166,6
002118,7
002107,6
000999,5
000989,13
000919,9
000790,7
000766,7
000650,6
000623,7
000590,6
000538,8
000513,7
000423,8
600867,8
600645,7
600530,7
600201,8
600200,6
600161,9
300357,6
300294,6
300289,7
300255,8
300239,6
300204,6
300147,8
300142,6
300122,8
300119,7
300009,6
002550,8
002365,6
002332,6
002252,5
002038,6
002030,6
002022,6
002007,7
000915,11
000661,7
000518,7
000403,7
000078,6
000004,7
603998,4
603456,5
603222,4
603168,5
600829,13
600812,7
600789,6
600666,7
600664,8
600521,6
600513,6
600488,6
600420,9
600380,8
600276,6
600267,9
600216,6
600196,6
600079,7
600062,7
300406,5
300363,7
300267,6
300254,7
300233,6
300199,7
300194,12
300110,7
300086,7
300006,10
002693,6
002688,9
002675,6
002653,9
002437,8
002422,8
002399,6
002393,5
002370,8
002294,8
002262,7
002099,9
002020,8
002019,8
002001,8
000952,8
000908,8
000788,10
000756,9
000739,5
000606,8
000597,7
000566,16
000153,6
603766,8
601777,7
600877,7
600099,7
001696,6
000913,8
601965,6
601258,9
600653,8
600297,6
300100,7
002607,9
000753,9
000025,7
603997,3
603788,3
603306,5
603166,6
603158,2
603009,5
603006,5
601799,7
601689,2
601058,8
600960,7
600742,10
600741,8
600715,7
600699,7
600698,10
600676,6
600660,8
600623,7
600523,7
600501,10
600480,6
600469,6
600335,9
600182,5
600148,9
600093,6
600081,8
300432,2
300375,5
300304,6
300258,6
300176,8
002725,4
002715,5
002708,6
002703,8
002662,9
002625,6
002602,7
002593,11
002590,8
002555,7
002536,7
002510,9
002488,7
002454,7
002434,9
002406,7
002363,7
002355,10
002284,9
002283,7
002265,8
002213,6
002190,6
002126,8
002085,6
002048,7
002031,7
002013,9
000760,9
000757,7
000710,6
000700,6
000622,10
000599,9
000589,9
000581,6
000559,9
000338,8
000030,9
601633,6
601238,7
600760,6
600686,7
600609,7
600418,7
600375,8
600303,6
600213,8
600178,7
600166,7
600104,6
600066,7
600006,8
002594,8
000957,7
000951,7
000927,8
000868,6
000800,9
000625,6
000572,7
000550,8
601579,7
600616,6
600543,8
600365,14
600238,9
600084,7
600059,6
000869,8
000557,5
600600,13
600573,6
600132,10
600090,8
002461,10
000929,8
000752,8
000729,7
603369,5
600809,9
600779,7
600702,7
600559,8
600519,7
600260,9
600199,7
600197,7
002646,7
002304,10
000995,7
000858,11
000799,8
000596,7
000568,8
603288,6
603020,1
600873,8
600872,10
600866,8
600737,9
600695,8
600305,8
600298,7
600191,9
600186,11
600073,9
300401,6
300175,9
300149,7
300146,6
300138,7
002726,4
002702,6
002695,8
002661,7
002650,7
002626,7
002604,6
002582,8
002568,9
002557,7
002515,6
002507,7
002495,8
002481,8
002330,8
002286,7
002220,8
002216,8
000972,9
000930,10
000911,7
000895,9
000893,6
000796,9
000716,8
000639,8
000529,7
600962,9
600300,9
002387,8
000848,7
000019,7
600887,6
600597,6
600429,6
600419,6
002732,4
002719,5
002570,7
002329,7
603555,7
603518,8
603001,8
601718,8
601566,7
600884,6
600612,7
600439,10
600400,8
600398,9
600295,5
600272,6
600233,16
600177,6
600137,8
600107,7
600086,8
300005,12
002740,3
002731,5
002721,4
002687,7
002656,8
002640,11
002634,6
002612,8
002574,7
002569,9
002563,7
002517,6
002503,8
002494,7
002486,8
002485,7
002425,7
002397,9
002345,8
002327,11
002293,9
002291,8
002269,10
002239,7
002154,15
002098,7
002044,8
002036,7
002029,9
002003,7
603889,4
603558,3
601599,6
601339,6
600987,8
600851,8
600735,6
600689,8
600630,7
600626,7
600493,7
600448,8
600370,11
600232,6
600220,8
600156,6
600152,7
600070,5
002674,7
002516,6
002404,6
002394,7
002193,7
002144,6
002127,8
002087,7
002083,10
002072,8
002070,6
002042,10
002034,7
000982,8
000971,8
000955,7
000850,7
000813,7
000803,7
000779,8
000726,6
000611,10
000158,7
000045,9
000018,11
600975,7
600965,7
600359,7
600275,7
600251,7
600127,7
600108,9
300313,7
300268,7
300186,7
300106,7
300021,6
002746,5
002714,6
002505,6
002477,8
002458,8
002321,9
002299,7
002234,7
002173,7
000860,8
000735,9
000061,12
603609,5
600438,7
600195,8
300381,7
002567,10
002548,9
002385,7
002311,11
002157,8
002124,7
002100,8
000876,9
000702,8
000048,7
601996,8
600265,7
600189,8
002679,9
000663,7
000592,10
600467,8
600257,6
600097,8
300094,12
002696,8
002447,8
002086,6
002069,8
000798,5
600598,10
600540,7
600506,6
600371,6
600354,9
600313,8
300189,7
300143,8
300087,8
002041,9
000998,6
000713,9
603969,2
600321,10
300374,2
300344,6
300163,8
300080,6
002742,4
002671,5
002652,7
002624,7
002596,8
002468,7
002392,6
002372,8
002314,10
002271,9
002225,6
002205,6
002066,6
002043,7
000786,7
000619,7
000509,12
000055,7
603601,6
601636,7
600876,5
600819,7
600629,7
600586,9
600552,6
600529,7
600293,8
600184,8
600176,9
300395,5
300196,6
300160,7
300093,9
002623,9
002571,8
002201,8
000012,8
601992,8
600883,9
600881,8
600802,7
600801,7
600720,7
600678,7
600668,6
600585,8
600539,9
600449,7
600425,8
600318,9
600217,8
002619,7
002346,9
002302,8
002233,7
000935,8
000885,8
000877,8
000789,7
000672,6
000546,8
000401,10
603268,4
600145,9
300409,5
300234,8
300089,7
002162,10
002102,9
603188,4
600352,8
300398,5
300225,7
300192,7
300067,6
300063,6
002440,8
002319,6
002256,5
002010,9
000565,6
601118,9
300320,8
300237,6
300031,6
002381,6
002224,7
002211,9
000887,7
603806,5
600589,6
600458,8
600444,9
600146,5
600143,9
600074,7
300393,5
300325,7
300321,6
300305,8
300230,6
300221,9
300218,8
300198,7
300169,7
002735,4
002694,7
002676,7
002641,7
002585,7
002522,6
002464,9
002457,8
002420,8
002395,8
002343,7
002324,7
002263,7
002243,7
002108,6
002014,6
002002,10
000973,7
000859,7
000407,8
600803,6
600796,7
600731,7
600727,7
600691,15
600596,8
600538,7
600486,7
600470,8
600426,8
600423,7
600389,8
600230,7
600227,8
600226,8
600096,8
300261,10
002749,4
002734,3
002588,9
002539,7
002538,8
002513,7
002496,7
002470,7
002391,7
002274,6
002258,10
002215,8
002170,9
002113,6
002018,8
002004,9
000953,8
000950,11
000912,9
000902,8
000830,8
000792,7
000731,7
000553,7
000525,6
000422,9
000155,8
603077,6
603010,6
603002,6
601678,6
601216,8
601208,8
600985,7
600844,7
600746,6
600722,7
600636,9
600618,8
600490,10
600481,7
600409,15
600378,7
600367,7
600328,8
600319,6
600309,7
600301,7
600299,8
600281,10
600277,10
600273,8
600229,7
600228,10
600160,8
600155,8
600141,8
600135,7
600091,10
600078,8
600075,8
300429,2
300405,7
300387,5
300343,5
300285,9
300243,6
300236,6
300214,6
300200,6
300174,10
300135,6
300132,7
300121,7
300109,7
300108,7
300107,8
300082,8
300072,9
300054,7
300041,6
300037,7
300019,6
002748,3
002741,3
002709,6
002683,6
002669,6
002666,6
002648,5
002643,10
002632,7
002601,8
002597,9
002584,7
002581,8
002562,8
002497,10
002476,6
002466,8
002455,11
002453,7
002450,7
002442,8
002411,6
002409,6
002408,6
002407,6
002386,7
002377,6
002361,8
002360,7
002341,11
002326,7
002250,7
002246,8
002226,8
002217,8
002192,6
002165,5
002145,11
002136,8
002125,8
002109,8
002096,6
002092,8
002068,10
002061,8
002054,7
002053,7
002037,7
000990,7
000985,9
000822,7
000818,8
000755,10
000707,7
000698,8
000683,7
000635,9
000627,9
000545,7
000510,7
603993,7
603799,3
603399,7
601958,9
600711,9
600549,7
600459,7
600456,6
600432,9
600392,6
600390,7
600259,7
600111,7
300034,6
002716,7
002460,6
002428,7
002378,9
002340,8
002182,7
002167,10
002149,6
000962,6
000960,12
000831,7
000762,6
000697,6
000693,4
000657,7
000426,6
601899,12
601069,4
600988,7
600766,8
600547,10
600489,7
600385,8
600311,6
002237,7
002155,18
600961,10
600531,9
600497,7
600338,6
600331,10
002114,6
000975,9
000758,6
000751,6
000688,6
000603,6
000060,11
601677,7
601600,10
601388,7
600888,8
600768,6
600673,8
600595,8
600219,13
300428,2
300337,8
300328,6
002578,6
002540,8
002501,5
002379,6
002333,6
002160,9
002082,8
000807,10
000612,7
601168,10
601137,7
600362,10
600255,7
600139,8
002295,7
002203,8
002171,5
000878,11
000630,8
601028,7
600992,7
600782,9
600558,8
600496,6
600477,8
600165,6
300345,7
002743,3
002545,5
002541,7
002524,7
002487,6
002443,8
002359,7
002352,8
002132,6
000969,7
000890,6
000778,11
000761,11
000717,9
600507,8
600399,7
600117,8
002423,7
002318,7
002075,8
000825,11
000708,12
601969,6
601005,9
601003,9
600882,8
600808,12
600784,7
600581,9
600569,8
600532,6
600307,8
600282,9
600231,11
600193,5
600126,11
600022,10
600019,9
600010,9
600005,16
002478,7
002110,10
000959,12
000932,12
000898,12
000709,11
000655,8
000629,9
000409,11
603003,8
600387,6
002629,7
002221,6
000554,7
000159,9
000096,7
600688,7
600339,7
600028,10
000819,6
000637,6
000059,13
601857,10
601808,9
600871,8
600759,11
600583,8
300191,6
300164,7
300157,8
300084,6
002554,6
002207,6
601016,5
000862,6
601991,10
600864,7
600863,9
600795,9
600780,9
600769,6
600744,9
600726,6
600674,7
600642,13
600578,9
600509,6
600483,9
600452,6
600396,9
600098,9
600027,9
600023,10
600021,14
600011,9
002479,7
001896,6
000966,6
000958,9
000939,9
000899,8
000883,7
000875,9
000767,9
000720,9
000690,10
000601,6
000600,6
000543,6
000539,11
000531,8
000037,10
000027,7
600995,6
600979,9
600969,9
600900,9
600886,9
600868,8
600644,9
600505,8
600310,11
600236,11
600131,8
600116,6
600101,9
002039,7
000993,11
000791,8
000722,8
601015,5
601011,8
600792,9
600740,6
600725,7
600721,10
600408,8
600179,6
000723,8
601918,8
601898,15
601699,9
601666,10
601225,6
601101,8
601088,10
601001,12
600997,8
600971,10
600714,6
600652,7
600546,8
600508,9
600403,10
600397,9
600395,7
600381,9
600348,8
600188,13
600157,11
600123,7
600121,6
002128,12
000983,12
000968,10
000937,13
000933,12
000780,10
000571,6
000552,6
600892,8
600846,6
600832,6
600811,6
600805,6
600800,7
600777,6
600770,9
600730,6
600701,6
600687,7
600656,9
600647,8
600624,7
600622,7
600620,9
600614,6
600603,11
600576,7
600256,8
600212,7
600209,9
600051,8
000909,8
000881,8
000839,6
000701,7
000652,7
000633,8
000632,8
000576,9
000301,7
000034,6
000008,7
603000,6
300431,0
300418,3
300399,5
300392,5
300315,5
300295,6
300226,7
300113,6
300104,9
300059,8
300052,8
300051,6
002354,7
002315,7
002261,6
002174,7
002095,6
000503,8
603636,3
601519,7
600845,10
600797,8
600756,7
600728,8
600718,9
600654,6
600588,8
600571,6
600570,9
600556,10
600536,7
600476,7
600455,8
600446,6
600410,8
600406,5
600289,8
600288,8
300419,2
300386,5
300380,5
300379,6
300378,6
300377,6
300369,7
300366,5
300365,7
300352,6
300348,7
300339,7
300330,8
300324,8
300311,5
300302,6
300300,6
300297,6
300290,7
300288,10
300287,6
300277,9
300275,7
300271,6
300253,6
300248,8
300245,8
300235,8
300231,7
300229,8
300212,7
300209,6
300188,6
300183,6
300182,10
300170,10
300168,7
300166,12
300150,6
300096,7
300085,5
300075,9
300065,6
300050,7
300047,8
300044,8
300036,8
300033,7
300020,8
300010,6
300002,6
002657,6
002649,9
002642,6
002609,7
002544,6
002474,6
002439,9
002421,7
002410,8
002405,7
002401,6
002373,8
002368,6
002331,6
002316,6
002280,9
002279,7
002268,8
002253,6
002232,6
002230,6
002195,7
002184,8
002153,6
002090,9
002073,7
002065,8
002063,8
000997,7
000948,7
000938,6
000851,6
000836,7
000711,9
000681,6
603678,4
603328,5
603118,4
601231,5
600980,7
600747,7
600707,8
600602,8
600563,9
600478,11
600363,8
600355,8
600353,7
600330,8
600237,10
600207,7
600203,6
600183,8
600083,8
300433,5
300408,8
300351,7
300342,6
300340,7
300333,6
300331,7
300319,7
300279,6
300256,8
300242,6
300227,6
300224,7
300220,7
300219,6
300207,6
300205,6
300184,6
300162,6
300155,6
300154,8
300139,12
300131,8
300128,8
300127,6
300115,6
300114,6
300088,5
300083,8
300078,7
300032,7
300014,8
002729,5
002655,6
002636,7
002618,8
002600,6
002587,6
002579,10
002512,8
002484,6
002475,8
002463,8
002456,6
002436,9
002426,6
002402,6
002389,6
002388,6
002289,6
002288,8
002273,7
002241,6
002222,8
002199,7
002189,6
002188,6
002179,9
002141,6
002139,5
002138,7
002137,13
002134,7
002106,7
002104,8
002057,8
002056,6
002055,7
002049,6
002045,9
002025,7
000970,7
000823,7
000810,6
000733,6
000727,7
000725,9
000670,6
000636,8
000536,7
000532,7
000413,9
000068,10
000058,8
000050,6
000032,7
000020,6
603005,4
601908,6
601012,7
600817,11
600703,7
600667,9
600584,7
600537,6
600460,7
600401,7
600360,7
600206,7
600171,9
600151,9
002506,7
300389,6
300373,5
300346,13
300327,6
300323,6
300317,7
300303,8
300301,6
300296,6
300269,7
300241,7
300232,6
300223,6
300118,7
300111,6
300102,8
300077,6
300053,8
300046,5
300029,6
002745,4
002724,5
002654,8
002638,7
002504,7
002449,7
002371,7
002218,6
002185,7
002156,7
002129,10
002119,9
002079,7
600990,6
600776,7
600775,7
600764,7
600680,8
600677,9
600608,6
600562,7
600522,5
600498,7
600487,7
600485,10
600345,9
600198,6
600130,8
600105,6
600076,9
300397,10
300394,2
300353,6
300322,6
300312,6
300310,7
300299,5
300292,5
300270,6
300264,6
300250,6
300213,6
300211,9
300177,8
300167,6
300136,8
300134,7
300101,8
300098,7
300081,6
300079,7
300074,12
300038,10
300028,6
300025,9
002583,7
002547,8
002519,6
002491,6
002465,6
002446,6
002417,10
002396,6
002384,6
002383,6
002369,7
002313,7
002296,6
002281,12
002231,8
002194,5
002161,7
002151,6
002148,8
002115,6
002089,7
002052,9
002017,8
000892,10
000801,8
000586,6
000561,8
000555,7
000547,7
000070,6
000063,6
000035,5
603019,4
600850,7
600734,6
600601,8
600271,6
600100,6
300390,4
300367,6
300282,6
300130,6
300076,6
300045,9
300042,9
002635,8
002577,6
002528,6
002376,9
002362,6
002351,8
002312,6
002308,7
002180,6
002177,7
002152,8
002027,10
000977,6
000748,8
000066,8
000021,8
600830,7
600816,8
600705,6
600643,9
600291,8
000712,7
000563,6
000415,9
601628,6
601601,6
601336,6
601318,9
601901,8
601788,7
601688,7
601555,6
601377,7
601198,4
601099,8
600999,8
600958,5
600837,7
600369,6
600109,7
600030,9
002736,4
002673,8
002500,8
000783,8
000776,6
000750,7
000728,8
000686,6
000166,3
601998,12
601988,12
601939,8
601818,13
601398,12
601328,12
601288,13
601169,11
601166,9
601009,9
600036,7
600016,16
600015,8
600000,9
002142,9
000001,6
603128,7
600794,6
600787,9
600270,6
600180,8
600119,8
600057,9
300350,6
300240,6
300013,6
002711,5
002492,9
002245,8
002210,6
002183,8
603686,3
603588,4
603126,6
600874,8
600292,6
600008,9
300422,3
300388,5
300355,6
300332,6
300262,8
300197,7
300190,8
300187,9
300172,6
300156,7
300070,9
300055,7
002672,6
002616,6
002573,7
002549,8
002200,6
000826,6
000598,7
000544,6
601139,7
600982,9
600917,5
600758,6
600719,8
600635,7
600617,8
600333,8
600167,7
300335,6
002700,6
002267,7
000695,9
000692,7
000669,8
000593,9
601199,7
601158,6
600649,8
600461,8
600323,8
600283,7
600187,6
600168,8
000685,7
000605,7
600834,6
600708,7
600662,8
600650,6
600611,7
600386,8
000421,7
600804,6
600050,8
300383,6
300017,7
002467,6
002093,8
603100,5
601567,8
601222,7
600848,6
600651,7
600366,8
300430,3
300417,2
300416,4
300410,3
300371,5
300370,9
300360,5
300354,9
300349,8
300338,6
300306,9
300286,6
300259,7
300217,6
300203,8
300165,6
300137,7
300124,7
300112,7
300105,7
300099,7
300097,8
300066,6
300012,11
300007,8
002658,9
002527,5
002518,12
002415,6
002414,11
002356,7
002338,13
002236,7
002214,9
002197,7
002175,6
002121,6
002058,7
002008,7
000988,8
000980,8
000676,7
601268,13
601717,8
601106,12
601100,8
600984,7
600815,9
600761,8
600710,8
600582,15
600320,8
600262,7
600169,10
600031,12
300308,6
300185,8
300103,8
300035,6
002685,7
002680,5
002667,7
002535,8
002526,6
002523,10
002483,6
002459,10
002366,7
002158,6
002097,10
002011,10
002009,6
002006,6
000923,8
000811,7
000680,11
000528,8
000425,11
000157,10
603988,5
603618,4
603606,5
603333,8
603015,2
601877,8
601727,11
601700,6
601616,9
601558,12
601311,7
601179,9
601126,6
600973,7
600885,7
600875,10
600869,8
600847,8
600590,6
600580,7
600577,9
600560,9
600550,8
600525,7
600517,7
600482,6
600468,7
600416,6
600405,7
600379,6
600312,8
600290,10
600268,7
600202,8
600192,7
600112,20
600110,6
600089,9
300427,2
300423,2
300407,6
300403,5
300376,6
300372,5
300362,7
300356,7
300341,6
300283,7
300274,6
300265,6
300252,7
300222,12
300215,6
300208,6
300153,7
300141,8
300140,7
300129,7
300125,8
300120,6
300069,8
300068,7
300062,7
300048,6
300040,7
300018,6
300004,9
300001,6
002733,5
002730,5
002706,5
002692,6
002684,8
002670,6
002665,7
002664,7
002660,8
002647,6
002622,7
002617,6
002610,6
002606,8
002580,5
002576,8
002560,7
002546,7
002533,6
002531,6
002498,7
002471,8
002452,9
002451,8
002380,7
002364,10
002358,8
002350,9
002339,7
002335,6
002334,12
002323,6
002322,7
002309,8
002300,7
002298,6
002276,8
002266,12
002249,9
002227,8
002212,7
002202,6
002176,7
002169,8
002168,6
002164,7
002130,6
002123,7
002112,7
002074,7
002028,6
000967,8
000922,6
000806,9
000682,8
000585,8
000400,10
000049,6
603611,3
603111,4
601766,9
601313,6
601299,9
600967,6
600894,6
600835,9
600495,6
300011,5
002689,7
002592,5
002448,7
002367,9
000920,7
601989,10
601890,8
600685,7
600150,8
600072,9
300123,7
300008,7
002608,5
600893,8
600879,5
600391,8
600372,8
600343,9
600316,9
600118,6
600038,7
002111,6
002023,6
000901,7
000768,6
000738,8
601007,9
600754,6
600640,8
600258,8
002306,10
002186,6
000721,5
000524,8
000428,7
000033,8
000007,9
603899,5
600818,7
600679,7
600661,10
600234,6
600158,6
600071,6
300359,5
300329,6
300043,6
002699,6
002678,6
002605,6
002575,6
002502,7
002348,6
002301,7
002105,7
002103,7
000017,8
603729,2
601515,8
600880,6
600836,6
600210,8
300071,6
300058,7
300057,7
002712,5
002701,5
002599,6
002400,8
002374,7
002229,8
002228,8
002191,11
002117,6
000812,5
000673,7
000659,9
000607,7
600981,6
600826,8
600822,9
600755,7
600739,7
600704,8
600605,9
600500,9
600382,8
600287,9
600278,7
600250,6
600247,9
600241,9
600153,10
600136,9
600128,8
600120,8
600058,9
002091,7
000626,6
000408,9
000151,6
000062,10
603898,5
603600,5
603008,6
600978,9
600337,7
002718,6
002631,6
002615,6
002572,8
002489,9
002259,7
002240,7
002120,9
002084,8
000910,7
603309,3
600763,10
600587,6
600055,9
300412,5
300396,5
300347,5
300326,7
300318,6
300314,6
300298,7
300273,7
300247,7
300246,6
300244,8
300238,6
300216,8
300206,7
300171,7
300061,6
300030,6
300015,8
300003,6
002614,9
002551,7
002432,6
002382,6
002223,5
000150,7
603519,3
603366,6
600983,6
600870,7
600854,8
600839,9
600690,6
600336,6
600261,8
600060,6
002723,6
002705,5
002681,9
002677,5
002668,8
002543,7
002508,7
002473,7
002429,7
002403,7
002290,7
002260,12
002242,7
002076,8
002035,8
002032,7
002005,7
000921,6
000651,6
000541,7
000533,7
000521,8
000418,7
000333,6
000100,7
000016,6
600599,6
600315,7
600249,7
002637,8
002094,8
000737,8
000662,7
000523,7
603688,5
600783,7
600516,8
600172,6
300179,6
300073,6
300064,6
002297,9
002088,7
000795,6
000511,8
600966,8
600963,9
600793,7
600567,12
600462,8
600433,7
600356,6
600308,10
600235,6
600163,10
600103,11
600069,10
002565,6
002521,6
002511,6
002303,6
002235,8
002078,9
002067,8
002012,10
000833,8
000820,5
000815,8
000488,12
601233,13
601113,7
600889,8
600810,6
600527,11
600063,9
600061,6
300180,6
002493,7
002427,5
002254,9
002206,6
002172,8
002080,10
002064,6
002015,8
000976,8
000949,6
000936,7
000782,7
000703,8
000687,7
000677,7
000615,6
000584,9
000420,8
